0 | Green_light | 5 | 89040500805
1 | Luxury | 1 | 89189660468
2 | Young | 5 | 89707601584
3 | Luxury | 3 | 89056380741
4 | Spectr | 1 | 89818007056
5 | Green_light | 4 | 89034410032
6 | R-auto | 3 | 89191820203
7 | Priority | 3 | 89478407350
8 | Green_light | 1 | 89094353408
9 | Start | 4 | 89510637190
10 | Green_light | 3 | 89115716015
11 | Green_light | 1 | 89772374499
12 | Luxury | 1 | 89806331676
13 | Green_light | 2 | 89666095126
14 | Start | 5 | 89243987851
15 | Luxury | 1 | 89925944221
16 | Priority | 4 | 89938076070
17 | DOSAAF | 5 | 89450235824
18 | R-auto | 5 | 89799993054
19 | DOSAAF | 3 | 89546197429
20 | Green_light | 1 | 89601149842
21 | Luxury | 1 | 89390563413
22 | Neva | 1 | 89591328270
23 | Unit | 2 | 89940289837
24 | Autoprava.pro | 2 | 89819823162
25 | Spectr | 5 | 89806597035
26 | East | 4 | 89115574523
27 | Autoprava.pro | 4 | 89121136720
28 | Green_light | 2 | 89478150650
29 | East | 2 | 89730993200
30 | Young | 4 | 89317597766
31 | R-auto | 1 | 89744779297
32 | DOSAAF | 4 | 89625167257
33 | DOSAAF | 2 | 89170803036
34 | Unit | 1 | 89976216834
35 | Start | 5 | 89726943507
36 | Autoprava.pro | 3 | 89149208250
37 | Luxury | 1 | 89215796927
38 | Young | 4 | 89906523964
39 | Luxury | 3 | 89696288970
40 | Start | 5 | 89317341713
41 | Neva | 4 | 89672120785
42 | Autoprava.pro | 5 | 89891908592
43 | R-auto | 5 | 89300232841
44 | Neva | 4 | 89197124362
45 | Mask | 4 | 89995892907
46 | Luxury | 4 | 89774036636
47 | DOSAAF | 3 | 89639447742
48 | Young | 2 | 89157639578
49 | Young | 4 | 89564194812
50 | Green_light | 1 | 89427566202
51 | Young | 4 | 89038066799
52 | Unit | 3 | 89417965145
53 | Autoprava.pro | 2 | 89020459472
54 | R-auto | 3 | 89120098492
55 | Mask | 1 | 89040821286
56 | Young | 3 | 89669916901
57 | DOSAAF | 1 | 89358048939
58 | Mask | 2 | 89777716304
59 | Start | 1 | 89222218306
60 | Young | 4 | 89939566645
61 | Unit | 3 | 89460892939
62 | R-auto | 1 | 89957809319
63 | Unit | 4 | 89636934159
64 | Young | 3 | 89360481269
65 | Mask | 3 | 89338152735
66 | Unit | 2 | 89059540971
67 | Unit | 2 | 89825447937
68 | Priority | 5 | 89668605510
69 | Neva | 1 | 89485001278
70 | Green_light | 3 | 89948614988
71 | Green_light | 5 | 89256697237
72 | East | 3 | 89016986648
73 | Unit | 3 | 89599952825
74 | Autoprava.pro | 1 | 89237758268
75 | DOSAAF | 5 | 89415026644
76 | Unit | 5 | 89041633297
77 | Start | 1 | 89481337916
78 | Start | 1 | 89153549803
79 | Start | 1 | 89051032765
80 | Unit | 4 | 89983886360
81 | Start | 3 | 89715376081
82 | Mask | 5 | 89928593279
83 | Young | 1 | 89263967237
84 | Unit | 5 | 89808704271
85 | Autoprava.pro | 1 | 89928475574
86 | Neva | 1 | 89171161799
87 | Young | 3 | 89385569403
88 | Autoprava.pro | 3 | 89929051747
89 | R-auto | 2 | 89102724485
90 | Luxury | 4 | 89200431423
91 | Spectr | 3 | 89431732571
92 | Green_light | 3 | 89426771253
93 | Priority | 1 | 89340406407
94 | Green_light | 5 | 89143796272
95 | Autoprava.pro | 4 | 89169597497
96 | Neva | 5 | 89366426265
97 | DOSAAF | 1 | 89845985507
98 | Neva | 4 | 89487825309
99 | Priority | 5 | 89341500281
100 | East | 3 | 89658300474
101 | Luxury | 5 | 89069861451
102 | R-auto | 3 | 89975737618
103 | R-auto | 3 | 89513404182
104 | R-auto | 1 | 89493691415
105 | DOSAAF | 3 | 89987691966
106 | Start | 5 | 89817991462
107 | Spectr | 4 | 89219048816
108 | Spectr | 1 | 89789903938
109 | Green_light | 1 | 89067366195
110 | Green_light | 3 | 89466429238
111 | R-auto | 4 | 89756741960
112 | Neva | 1 | 89095998568
113 | Unit | 4 | 89209584784
114 | R-auto | 4 | 89221180432
115 | Priority | 2 | 89423859145
116 | Spectr | 5 | 89614914220
117 | Mask | 1 | 89875567531
118 | Start | 2 | 89069599455
119 | DOSAAF | 5 | 89734105978
120 | Priority | 2 | 89048169860
121 | Start | 4 | 89271190855
122 | R-auto | 5 | 89178120739
123 | R-auto | 1 | 89171704016
124 | R-auto | 4 | 89418774795
125 | Start | 2 | 89730056630
126 | Green_light | 2 | 89352586485
127 | Autoprava.pro | 5 | 89258820973
128 | Autoprava.pro | 5 | 89406198922
129 | Green_light | 2 | 89243392364
130 | Autoprava.pro | 1 | 89770568289
131 | Young | 5 | 89443534132
132 | R-auto | 3 | 89619895669
133 | Spectr | 2 | 89733899871
134 | Priority | 4 | 89839581963
135 | Mask | 5 | 89121405762
136 | Young | 1 | 89025625550
137 | Priority | 4 | 89064020570
138 | Autoprava.pro | 2 | 89002368907
139 | DOSAAF | 4 | 89306487536
140 | Unit | 3 | 89098954736
141 | Young | 5 | 89718427631
142 | R-auto | 2 | 89943217914
143 | Neva | 5 | 89369437004
144 | DOSAAF | 5 | 89681505234
145 | Luxury | 2 | 89391695644
146 | Mask | 1 | 89768551744
147 | Start | 3 | 89203535514
148 | East | 1 | 89694996381
149 | Luxury | 1 | 89401076191
150 | Autoprava.pro | 1 | 89353706435
151 | R-auto | 5 | 89836829998
152 | Green_light | 5 | 89703555241
153 | Autoprava.pro | 4 | 89052343420
154 | Priority | 5 | 89093343550
155 | Priority | 4 | 89949880231
156 | Priority | 5 | 89872157472
157 | Start | 4 | 89773512559
158 | Neva | 3 | 89574199798
159 | Green_light | 4 | 89869999032
160 | Autoprava.pro | 1 | 89772530500
161 | Start | 1 | 89352807692
162 | R-auto | 2 | 89103986996
163 | Autoprava.pro | 5 | 89510337375
164 | Autoprava.pro | 3 | 89837051690
165 | Priority | 2 | 89916215326
166 | Priority | 2 | 89723273288
167 | Young | 4 | 89371533012
168 | Green_light | 1 | 89920046799
169 | Priority | 4 | 89837974603
170 | Mask | 3 | 89781208815
171 | Green_light | 3 | 89777298526
172 | R-auto | 2 | 89739938183
173 | Green_light | 3 | 89500350556
174 | Spectr | 5 | 89252602891
175 | Unit | 1 | 89869635807
176 | Neva | 5 | 89527571095
177 | Unit | 2 | 89272313442
178 | Mask | 3 | 89998312783
179 | Autoprava.pro | 2 | 89450870011
180 | Unit | 5 | 89856014432
181 | DOSAAF | 3 | 89981589766
182 | Spectr | 2 | 89564027707
183 | Unit | 5 | 89718098107
184 | R-auto | 3 | 89071925506
185 | Start | 2 | 89676314973
186 | Unit | 4 | 89485355475
187 | Spectr | 1 | 89757912424
188 | Neva | 4 | 89172114116
189 | Mask | 1 | 89793759351
190 | R-auto | 1 | 89239222800
191 | Spectr | 2 | 89862964995
192 | Neva | 5 | 89827382492
193 | Mask | 5 | 89307988796
194 | Spectr | 2 | 89313875120
195 | Mask | 5 | 89812882898
196 | Priority | 5 | 89240684552
197 | Young | 5 | 89870533997
198 | Young | 3 | 89291871348
199 | Unit | 1 | 89122013572
200 | Priority | 4 | 89048981559
201 | DOSAAF | 4 | 89973122708
202 | Unit | 5 | 89529174988
203 | Neva | 3 | 89634152383
204 | Green_light | 4 | 89694701430
205 | Autoprava.pro | 3 | 89779539273
206 | Young | 2 | 89440446131
207 | Priority | 1 | 89549481357
208 | Spectr | 3 | 89411034310
209 | Neva | 2 | 89012028314
210 | R-auto | 5 | 89039762206
211 | Young | 1 | 89319614276
212 | Priority | 5 | 89686278103
213 | Unit | 3 | 89248798934
214 | Spectr | 1 | 89764187641
215 | Neva | 3 | 89862595527
216 | Neva | 1 | 89082001094
217 | Autoprava.pro | 2 | 89210754969
218 | Autoprava.pro | 3 | 89546001809
219 | Mask | 2 | 89557034778
220 | Luxury | 5 | 89441686460
221 | Neva | 2 | 89778965969
222 | DOSAAF | 5 | 89339459262
223 | Mask | 4 | 89752540711
224 | Spectr | 1 | 89413624514
225 | Green_light | 4 | 89534348546
226 | Spectr | 5 | 89209713945
227 | Unit | 1 | 89920538606
228 | Start | 3 | 89831155397
229 | Neva | 5 | 89319325972
230 | Unit | 1 | 89089966549
231 | Young | 5 | 89464036856
232 | Spectr | 4 | 89666887094
233 | DOSAAF | 4 | 89894966062
234 | Luxury | 5 | 89055394931
235 | DOSAAF | 2 | 89145105024
236 | R-auto | 3 | 89014329906
237 | Spectr | 3 | 89987410093
238 | Mask | 3 | 89243290684
239 | Mask | 5 | 89005205146
240 | Priority | 3 | 89857578681
241 | Luxury | 2 | 89471339961
242 | Young | 1 | 89589518962
243 | Mask | 1 | 89581030328
244 | Autoprava.pro | 4 | 89542924559
245 | DOSAAF | 3 | 89708928325
246 | Start | 3 | 89042722839
247 | Mask | 2 | 89623873769
248 | R-auto | 5 | 89965366641
249 | East | 5 | 89087752432
250 | Autoprava.pro | 4 | 89998876995
251 | Green_light | 3 | 89299792040
252 | DOSAAF | 4 | 89879318529
253 | East | 2 | 89057170645
254 | Young | 2 | 89363543281
255 | Spectr | 1 | 89082301652
256 | Neva | 1 | 89654870410
257 | Neva | 4 | 89612969356
258 | Luxury | 1 | 89044932594
259 | Green_light | 2 | 89043759071
260 | Unit | 1 | 89021789501
261 | Start | 3 | 89154760421
262 | Priority | 4 | 89001097631
263 | DOSAAF | 1 | 89462718265
264 | Neva | 2 | 89267179182
265 | Unit | 3 | 89072821543
266 | Priority | 3 | 89977557201
267 | East | 1 | 89017906280
268 | Spectr | 1 | 89534442379
269 | Mask | 2 | 89139664211
270 | Start | 3 | 89073719685
271 | Unit | 4 | 89158365938
272 | R-auto | 5 | 89147281399
273 | Green_light | 3 | 89787986107
274 | Luxury | 3 | 89985833249
275 | Neva | 2 | 89550899676
276 | Young | 4 | 89713552463
277 | Unit | 2 | 89534626247
278 | Mask | 3 | 89898393025
279 | Young | 5 | 89981394000
280 | Unit | 3 | 89010504231
281 | Autoprava.pro | 1 | 89499457122
282 | DOSAAF | 2 | 89963570135
283 | Autoprava.pro | 1 | 89958562852
284 | Luxury | 4 | 89069503128
285 | East | 2 | 89340653661
286 | Start | 3 | 89023482452
287 | Start | 5 | 89557279590
288 | Unit | 1 | 89654945303
289 | Spectr | 3 | 89933900646
290 | Young | 3 | 89252286385
291 | Start | 3 | 89651047810
292 | East | 5 | 89587946729
293 | Priority | 5 | 89364698652
294 | Green_light | 5 | 89262713899
295 | Green_light | 1 | 89802647318
296 | Neva | 4 | 89617400244
297 | Autoprava.pro | 5 | 89537800357
298 | Priority | 1 | 89991457656
299 | Luxury | 3 | 89542423793
300 | Mask | 4 | 89663273255
301 | DOSAAF | 5 | 89352721905
302 | Mask | 2 | 89355156221
303 | Young | 2 | 89842279994
304 | Neva | 1 | 89960947122
305 | Priority | 2 | 89994154188
306 | Luxury | 2 | 89719380476
307 | Mask | 4 | 89788021810
308 | East | 1 | 89196526087
309 | Start | 3 | 89886761777
310 | Green_light | 1 | 89474656740
311 | Luxury | 4 | 89070033729
312 | Young | 5 | 89429616019
313 | Green_light | 5 | 89197498095
314 | Autoprava.pro | 4 | 89456897412
315 | Mask | 3 | 89554456513
316 | Priority | 2 | 89078122191
317 | Unit | 3 | 89037692169
318 | Spectr | 5 | 89628958217
319 | Priority | 1 | 89562931664
320 | Green_light | 1 | 89701256068
321 | Young | 2 | 89606495455
322 | Start | 4 | 89224618385
323 | Neva | 2 | 89242809987
324 | Young | 3 | 89278873446
325 | R-auto | 5 | 89942319277
326 | Luxury | 2 | 89187866058
327 | R-auto | 2 | 89392795960
328 | Neva | 2 | 89784476008
329 | Luxury | 5 | 89410859241
330 | R-auto | 5 | 89432717056
331 | Start | 4 | 89337556348
332 | Luxury | 5 | 89854475140
333 | Young | 5 | 89996390588
334 | Neva | 3 | 89699144939
335 | Spectr | 5 | 89123036644
336 | Neva | 1 | 89270166878
337 | Unit | 2 | 89780093039
338 | Autoprava.pro | 1 | 89951946111
339 | Green_light | 4 | 89427086543
340 | Spectr | 1 | 89595525490
341 | R-auto | 3 | 89051933544
342 | DOSAAF | 1 | 89935588729
343 | Spectr | 5 | 89106649783
344 | Unit | 5 | 89098720693
345 | Young | 5 | 89185333607
346 | Luxury | 3 | 89408961262
347 | Mask | 2 | 89815823867
348 | Unit | 2 | 89804927157
349 | R-auto | 4 | 89586234659
350 | R-auto | 1 | 89759106604
351 | Autoprava.pro | 5 | 89024917076
352 | Neva | 2 | 89890362306
353 | Neva | 4 | 89601446257
354 | R-auto | 4 | 89532656223
355 | Autoprava.pro | 2 | 89374455972
356 | Luxury | 5 | 89742127079
357 | Young | 2 | 89452259427
358 | Neva | 2 | 89023835122
359 | DOSAAF | 3 | 89482470491
360 | Priority | 3 | 89098591560
361 | Mask | 4 | 89042255740
362 | Priority | 3 | 89203406618
363 | Start | 2 | 89515834451
364 | Mask | 2 | 89166933640
365 | Priority | 3 | 89561677104
366 | DOSAAF | 1 | 89027764970
367 | Start | 1 | 89647043731
368 | Neva | 3 | 89306326423
369 | Young | 1 | 89111807267
370 | East | 5 | 89577112312
371 | Priority | 5 | 89829707763
372 | East | 1 | 89323120475
373 | Autoprava.pro | 5 | 89159944051
374 | Spectr | 1 | 89299133728
375 | Start | 1 | 89687753884
376 | R-auto | 3 | 89620812661
377 | Autoprava.pro | 5 | 89610931179
378 | Neva | 4 | 89417040009
379 | Luxury | 1 | 89703656686
380 | Autoprava.pro | 2 | 89247120353
381 | Start | 3 | 89575540642
382 | Autoprava.pro | 5 | 89763876937
383 | Priority | 5 | 89102554463
384 | Luxury | 2 | 89261016010
385 | Unit | 1 | 89126429146
386 | DOSAAF | 5 | 89472738136
387 | Neva | 1 | 89380516224
388 | Priority | 3 | 89237576047
389 | Start | 4 | 89213190553
390 | DOSAAF | 4 | 89302211697
391 | East | 3 | 89573016846
392 | Neva | 3 | 89293265304
393 | R-auto | 1 | 89712661027
394 | Neva | 5 | 89581836865
395 | Autoprava.pro | 2 | 89993326644
396 | Green_light | 3 | 89282404317
397 | Priority | 2 | 89346570052
398 | Mask | 4 | 89510409643
399 | Unit | 3 | 89862629716
400 | Unit | 3 | 89661821719
401 | Start | 5 | 89201752024
402 | Neva | 1 | 89187370356
403 | DOSAAF | 3 | 89903849064
404 | Start | 4 | 89763400646
405 | Neva | 1 | 89929606437
406 | Mask | 1 | 89999240906
407 | Luxury | 4 | 89323802378
408 | Priority | 2 | 89981021959
409 | Green_light | 5 | 89244413679
410 | Priority | 3 | 89623992397
411 | Luxury | 1 | 89407349766
412 | DOSAAF | 3 | 89767094174
413 | R-auto | 4 | 89075657898
414 | Start | 2 | 89058504497
415 | R-auto | 1 | 89002229376
416 | Priority | 2 | 89295396176
417 | Autoprava.pro | 2 | 89065200589
418 | Unit | 4 | 89443294369
419 | Start | 2 | 89655296718
420 | Luxury | 3 | 89035742144
421 | Green_light | 3 | 89679284623
422 | Green_light | 2 | 89540338587
423 | DOSAAF | 1 | 89273581688
424 | Young | 3 | 89416399105
425 | Young | 4 | 89605009263
426 | Young | 5 | 89547694285
427 | Autoprava.pro | 2 | 89863853740
428 | Spectr | 1 | 89450847981
429 | Neva | 4 | 89308822980
430 | Young | 5 | 89355125394
431 | Start | 1 | 89928791724
432 | Green_light | 2 | 89241067589
433 | R-auto | 3 | 89758308092
434 | Spectr | 5 | 89948028835
435 | Luxury | 3 | 89041307320
436 | Neva | 5 | 89953237202
437 | Priority | 5 | 89856532455
438 | Mask | 4 | 89285795434
439 | Unit | 5 | 89850817123
440 | Start | 5 | 89814700191
441 | East | 3 | 89776411683
442 | Priority | 2 | 89607058273
443 | Green_light | 1 | 89731364246
444 | Start | 3 | 89090451699
445 | Priority | 4 | 89103514089
446 | Spectr | 5 | 89338091996
447 | Start | 4 | 89782583999
448 | Spectr | 5 | 89724260401
449 | East | 2 | 89803228677
450 | Spectr | 5 | 89492835066
451 | Priority | 4 | 89309305802
452 | Unit | 5 | 89996006184
453 | Spectr | 2 | 89668177360
454 | R-auto | 5 | 89603189342
455 | Neva | 5 | 89578178377
456 | Start | 1 | 89142789981
457 | Priority | 1 | 89523632151
458 | Luxury | 4 | 89952949263
459 | Luxury | 5 | 89224451590
460 | Autoprava.pro | 1 | 89245694643
461 | Green_light | 3 | 89064376021
462 | Priority | 4 | 89354553215
463 | DOSAAF | 3 | 89976520149
464 | Young | 2 | 89141339912
465 | Priority | 5 | 89664370171
466 | Priority | 3 | 89608102924
467 | Mask | 2 | 89703834055
468 | East | 1 | 89331498780
469 | Start | 3 | 89396760821
470 | Mask | 4 | 89955354135
471 | Priority | 1 | 89030958415
472 | East | 5 | 89875915027
473 | Young | 2 | 89971137911
474 | Unit | 5 | 89657403379
475 | R-auto | 2 | 89814969878
476 | Neva | 5 | 89344081341
477 | Mask | 1 | 89815564925
478 | Unit | 5 | 89400774923
479 | Luxury | 3 | 89902233497
480 | Spectr | 1 | 89849484872
481 | Neva | 4 | 89144188258
482 | DOSAAF | 1 | 89859043290
483 | East | 2 | 89319531879
484 | Autoprava.pro | 2 | 89764639545
485 | Autoprava.pro | 1 | 89198713306
486 | Luxury | 2 | 89461612280
487 | Neva | 4 | 89246656773
488 | Neva | 2 | 89518365330
489 | Young | 1 | 89046126443
490 | East | 2 | 89832543466
491 | Autoprava.pro | 3 | 89221540413
492 | Neva | 2 | 89568039632
493 | Neva | 4 | 89022846011
494 | Spectr | 4 | 89010951791
495 | Start | 4 | 89194468032
496 | Unit | 5 | 89415335831
497 | Young | 4 | 89376633358
498 | Mask | 1 | 89064763410
499 | Unit | 1 | 89323370111
500 | East | 4 | 89899196184
501 | Mask | 3 | 89566351123
502 | Green_light | 4 | 89109213371
503 | East | 2 | 89603348730
504 | R-auto | 5 | 89262994198
505 | Neva | 4 | 89527456006
506 | DOSAAF | 4 | 89879001766
507 | Neva | 2 | 89178677290
508 | Mask | 3 | 89735683206
509 | Luxury | 2 | 89392296222
510 | Luxury | 3 | 89217231464
511 | Green_light | 4 | 89416142734
512 | R-auto | 5 | 89398948972
513 | East | 4 | 89124379394
514 | Luxury | 4 | 89411277168
515 | DOSAAF | 5 | 89810488047
516 | R-auto | 4 | 89135350660
517 | Luxury | 2 | 89577852425
518 | Spectr | 1 | 89973261244
519 | Spectr | 3 | 89464146015
520 | Unit | 2 | 89487980733
521 | Mask | 1 | 89326145596
522 | Luxury | 4 | 89696974947
523 | Green_light | 1 | 89839070236
524 | Start | 4 | 89854364004
525 | Green_light | 2 | 89677848395
526 | Unit | 3 | 89108285476
527 | Priority | 1 | 89533782887
528 | Luxury | 4 | 89183056234
529 | DOSAAF | 4 | 89551066920
530 | Neva | 5 | 89556668372
531 | Autoprava.pro | 2 | 89722057725
532 | Green_light | 4 | 89860906192
533 | Start | 4 | 89305785824
534 | Young | 2 | 89841585203
535 | Autoprava.pro | 3 | 89805660028
536 | Mask | 4 | 89608609648
537 | Start | 3 | 89828925891
538 | Luxury | 3 | 89829420554
539 | Unit | 2 | 89903833434
540 | Priority | 1 | 89811335780
541 | R-auto | 1 | 89261763615
542 | Unit | 4 | 89477474083
543 | Priority | 5 | 89710554333
544 | Start | 5 | 89432291584
545 | Unit | 3 | 89799509623
546 | Mask | 2 | 89304589260
547 | Spectr | 1 | 89643785924
548 | DOSAAF | 5 | 89278922487
549 | Autoprava.pro | 2 | 89771842815
550 | R-auto | 1 | 89458656025
551 | Unit | 5 | 89728879760
552 | Unit | 3 | 89416620319
553 | Young | 4 | 89712588398
554 | Luxury | 1 | 89638516078
555 | Start | 4 | 89250028272
556 | Neva | 1 | 89825635955
557 | Luxury | 1 | 89339252408
558 | Green_light | 2 | 89567727009
559 | Neva | 5 | 89428679840
560 | Unit | 5 | 89980828063
561 | Green_light | 1 | 89226820542
562 | Neva | 3 | 89150952533
563 | Autoprava.pro | 1 | 89786759330
564 | Priority | 5 | 89521605120
565 | Young | 2 | 89287043995
566 | Start | 1 | 89505862475
567 | Luxury | 3 | 89863335414
568 | Luxury | 1 | 89024723925
569 | Priority | 2 | 89844298534
570 | Priority | 3 | 89114742426
571 | Green_light | 5 | 89885025209
572 | Start | 2 | 89969823194
573 | East | 5 | 89520017801
574 | Unit | 2 | 89872422969
575 | Mask | 4 | 89545482620
576 | R-auto | 3 | 89256616274
577 | R-auto | 5 | 89934672939
578 | Neva | 1 | 89649850856
579 | East | 3 | 89425292828
580 | Mask | 1 | 89894795048
581 | Spectr | 2 | 89389123371
582 | Young | 5 | 89570054099
583 | Neva | 5 | 89708887295
584 | Luxury | 3 | 89699920905
585 | Mask | 5 | 89595337878
586 | East | 1 | 89177548831
587 | Young | 4 | 89795689852
588 | Unit | 4 | 89400460187
589 | Luxury | 3 | 89888316107
590 | DOSAAF | 5 | 89335487965
591 | Priority | 2 | 89754641402
592 | DOSAAF | 2 | 89902089945
593 | Autoprava.pro | 3 | 89105994600
594 | East | 1 | 89105378932
595 | Neva | 5 | 89466938863
596 | R-auto | 5 | 89240985712
597 | Luxury | 1 | 89270981866
598 | Neva | 3 | 89344445098
599 | Neva | 2 | 89373069457
600 | R-auto | 4 | 89610636195
601 | Unit | 2 | 89544448477
602 | Start | 4 | 89613356910
603 | Priority | 2 | 89623754305
604 | R-auto | 3 | 89008351056
605 | Autoprava.pro | 2 | 89377131145
606 | Green_light | 5 | 89503713513
607 | Start | 1 | 89796670376
608 | Neva | 5 | 89808172419
609 | Luxury | 2 | 89488921751
610 | Unit | 5 | 89173198987
611 | East | 4 | 89338510667
612 | Neva | 5 | 89713322244
613 | Spectr | 5 | 89095288653
614 | East | 2 | 89185554164
615 | Luxury | 2 | 89973317670
616 | Priority | 3 | 89037341924
617 | Green_light | 4 | 89548685998
618 | Spectr | 1 | 89354605035
619 | Priority | 1 | 89048056708
620 | Autoprava.pro | 1 | 89885291248
621 | Priority | 2 | 89645190458
622 | Autoprava.pro | 5 | 89695403911
623 | Priority | 3 | 89754445941
624 | Spectr | 5 | 89283831135
625 | Green_light | 5 | 89834749521
626 | Autoprava.pro | 1 | 89370571899
627 | Luxury | 1 | 89262607666
628 | Young | 2 | 89564901043
629 | R-auto | 3 | 89546717184
630 | Start | 4 | 89225846950
631 | Neva | 2 | 89747464018
632 | DOSAAF | 1 | 89059745653
633 | Young | 4 | 89041055657
634 | R-auto | 3 | 89011384276
635 | Neva | 4 | 89144372157
636 | DOSAAF | 4 | 89655054673
637 | Spectr | 1 | 89018957304
638 | Young | 3 | 89867990289
639 | Green_light | 4 | 89712745891
640 | Green_light | 4 | 89053187404
641 | East | 3 | 89890023617
642 | Neva | 1 | 89439534831
643 | Unit | 4 | 89375409673
644 | Young | 2 | 89098314682
645 | Priority | 3 | 89943779740
646 | Neva | 3 | 89611386363
647 | Spectr | 1 | 89679621742
648 | Priority | 2 | 89961875169
649 | Mask | 4 | 89781387600
650 | Unit | 4 | 89162210172
651 | Green_light | 4 | 89885814416
652 | Priority | 2 | 89655911240
653 | Spectr | 4 | 89196987514
654 | R-auto | 5 | 89303409860
655 | Young | 1 | 89457655246
656 | Young | 5 | 89424794352
657 | Spectr | 4 | 89837891839
658 | Neva | 2 | 89843293278
659 | R-auto | 4 | 89458215078
660 | Green_light | 2 | 89499402843
661 | R-auto | 3 | 89388736057
662 | Autoprava.pro | 1 | 89158534762
663 | Luxury | 1 | 89559854758
664 | Young | 2 | 89131055469
665 | Start | 5 | 89056072288
666 | Green_light | 3 | 89039269173
667 | Autoprava.pro | 5 | 89308232107
668 | Neva | 1 | 89418067856
669 | Start | 4 | 89115256944
670 | Luxury | 4 | 89860790960
671 | Luxury | 5 | 89910532613
672 | Autoprava.pro | 4 | 89163740773
673 | Unit | 5 | 89105117698
674 | Priority | 3 | 89005296006
675 | Autoprava.pro | 2 | 89445227966
676 | Priority | 5 | 89682325089
677 | DOSAAF | 5 | 89263048779
678 | Mask | 4 | 89548885643
679 | Young | 3 | 89103746384
680 | Spectr | 5 | 89599069299
681 | Autoprava.pro | 4 | 89485528792
682 | Neva | 4 | 89581006769
683 | Young | 4 | 89145098561
684 | Neva | 4 | 89815927321
685 | Start | 3 | 89677920042
686 | DOSAAF | 4 | 89851574967
687 | Young | 4 | 89135866358
688 | Neva | 1 | 89248600018
689 | DOSAAF | 5 | 89492633009
690 | Neva | 4 | 89025793976
691 | Green_light | 4 | 89358857146
692 | Spectr | 3 | 89723148768
693 | Young | 4 | 89853846942
694 | Spectr | 4 | 89620562498
695 | DOSAAF | 5 | 89486293408
696 | Spectr | 3 | 89162368533
697 | Young | 5 | 89656143903
698 | Priority | 3 | 89685658929
699 | East | 4 | 89948227920
700 | Mask | 2 | 89029522579
701 | Start | 3 | 89514303780
702 | Priority | 3 | 89938812159
703 | Young | 4 | 89068067232
704 | Spectr | 4 | 89658636199
705 | Start | 4 | 89377797766
706 | Autoprava.pro | 3 | 89371015358
707 | Neva | 4 | 89430286278
708 | Spectr | 4 | 89153013668
709 | Mask | 1 | 89768374915
710 | East | 2 | 89038245983
711 | Priority | 1 | 89777921784
712 | Luxury | 5 | 89988479361
713 | Autoprava.pro | 3 | 89587950094
714 | Start | 1 | 89083914119
715 | East | 5 | 89401149179
716 | Unit | 2 | 89483556205
717 | Unit | 3 | 89652231753
718 | Neva | 1 | 89974982910
719 | East | 4 | 89687062231
720 | Luxury | 3 | 89828162899
721 | Young | 3 | 89429288985
722 | Spectr | 4 | 89745517078
723 | Autoprava.pro | 1 | 89111724460
724 | Start | 4 | 89407790115
725 | Start | 5 | 89975134331
726 | R-auto | 1 | 89133090499
727 | Start | 2 | 89833876528
728 | DOSAAF | 5 | 89369223863
729 | Autoprava.pro | 4 | 89708976119
730 | Green_light | 3 | 89253327224
731 | R-auto | 3 | 89692172807
732 | Luxury | 2 | 89110472761
733 | Spectr | 4 | 89963420753
734 | Neva | 5 | 89998949509
735 | Mask | 4 | 89750476565
736 | Luxury | 1 | 89784012639
737 | DOSAAF | 4 | 89325249646
738 | R-auto | 2 | 89657159558
739 | Luxury | 3 | 89873715343
740 | Luxury | 5 | 89570185745
741 | DOSAAF | 3 | 89253343277
742 | Autoprava.pro | 5 | 89590869890
743 | Start | 2 | 89808094875
744 | Mask | 3 | 89110423840
745 | East | 5 | 89694118709
746 | Mask | 1 | 89845922321
747 | Mask | 2 | 89329650939
748 | Priority | 5 | 89116981017
749 | DOSAAF | 5 | 89794077740
750 | East | 1 | 89081602461
751 | Neva | 3 | 89064919505
752 | Autoprava.pro | 4 | 89129157420
753 | Start | 5 | 89354501650
754 | Mask | 5 | 89973810656
755 | Spectr | 3 | 89832917043
756 | Green_light | 3 | 89287711133
757 | DOSAAF | 2 | 89486391700
758 | Green_light | 2 | 89603828806
759 | R-auto | 2 | 89001218681
760 | Autoprava.pro | 1 | 89801171652
761 | Spectr | 1 | 89790965638
762 | Spectr | 2 | 89445577911
763 | East | 5 | 89082509568
764 | Start | 1 | 89972406517
765 | R-auto | 4 | 89067351716
766 | R-auto | 1 | 89017592323
767 | Spectr | 5 | 89180390529
768 | DOSAAF | 3 | 89718634948
769 | Priority | 3 | 89640012015
770 | Luxury | 3 | 89239241884
771 | R-auto | 1 | 89521639795
772 | Priority | 3 | 89353551629
773 | Neva | 1 | 89202184356
774 | Young | 2 | 89005305659
775 | Luxury | 1 | 89704947941
776 | Autoprava.pro | 4 | 89586583818
777 | DOSAAF | 3 | 89117510901
778 | DOSAAF | 3 | 89859655844
779 | Young | 1 | 89832198278
780 | Autoprava.pro | 2 | 89564568320
781 | East | 5 | 89164909820
782 | Priority | 5 | 89576338003
783 | Unit | 2 | 89153977423
784 | Spectr | 3 | 89113488937
785 | Neva | 4 | 89671687939
786 | Mask | 5 | 89092709218
787 | Autoprava.pro | 5 | 89667430851
788 | Green_light | 4 | 89768843955
789 | East | 2 | 89494371271
790 | Spectr | 1 | 89640109000
791 | DOSAAF | 4 | 89916192847
792 | Spectr | 4 | 89639408110
793 | Young | 1 | 89969994498
794 | Neva | 5 | 89491331324
795 | Mask | 3 | 89781177366
796 | East | 3 | 89385926364
797 | Priority | 5 | 89511373281
798 | Mask | 3 | 89023091892
799 | Start | 1 | 89920699547
800 | Green_light | 3 | 89182757070
801 | Start | 5 | 89846050756
802 | East | 2 | 89699645485
803 | Mask | 5 | 89582166657
804 | Luxury | 1 | 89753540881
805 | East | 3 | 89702314921
806 | East | 3 | 89705750239
807 | Autoprava.pro | 2 | 89500171118
808 | Luxury | 2 | 89564559397
809 | Priority | 2 | 89916449255
810 | DOSAAF | 3 | 89035892131
811 | Luxury | 4 | 89677037027
812 | Autoprava.pro | 2 | 89568061491
813 | Start | 4 | 89557633462
814 | Unit | 2 | 89983925290
815 | Priority | 4 | 89474434915
816 | Green_light | 1 | 89790391036
817 | Autoprava.pro | 4 | 89753478372
818 | Priority | 5 | 89307954125
819 | East | 5 | 89618623116
820 | Luxury | 1 | 89915322273
821 | Priority | 1 | 89712493086
822 | Luxury | 4 | 89179477097
823 | Young | 1 | 89014197615
824 | Start | 1 | 89362647920
825 | East | 3 | 89469677268
826 | R-auto | 5 | 89450936347
827 | Young | 1 | 89415441913
828 | Spectr | 1 | 89210616284
829 | East | 4 | 89470592908
830 | Spectr | 1 | 89726889548
831 | Mask | 1 | 89377102317
832 | Green_light | 1 | 89817561646
833 | Luxury | 5 | 89633542761
834 | Autoprava.pro | 5 | 89329360371
835 | R-auto | 2 | 89596240974
836 | East | 4 | 89998317998
837 | Luxury | 5 | 89655578634
838 | Neva | 5 | 89376681579
839 | DOSAAF | 5 | 89379908302
840 | R-auto | 1 | 89619140281
841 | Young | 2 | 89456945274
842 | Mask | 4 | 89384486733
843 | Mask | 2 | 89590903543
844 | Young | 1 | 89716623604
845 | Young | 4 | 89664614592
846 | Luxury | 2 | 89425345729
847 | East | 1 | 89980099948
848 | Neva | 2 | 89596023117
849 | Autoprava.pro | 5 | 89963794378
850 | Mask | 5 | 89656694544
851 | Priority | 2 | 89265240020
852 | Neva | 1 | 89028855406
853 | Luxury | 1 | 89416655392
854 | Mask | 4 | 89371792005
855 | Start | 1 | 89931981498
856 | Spectr | 1 | 89542720351
857 | Unit | 3 | 89452265661
858 | Start | 2 | 89032810009
859 | Young | 3 | 89483977172
860 | Start | 3 | 89978972518
861 | Green_light | 5 | 89320480057
862 | Green_light | 5 | 89250186042
863 | R-auto | 2 | 89332486941
864 | R-auto | 3 | 89896015776
865 | DOSAAF | 3 | 89903438682
866 | R-auto | 5 | 89364544360
867 | Start | 2 | 89839689114
868 | Start | 4 | 89884428123
869 | Young | 3 | 89768415319
870 | Unit | 3 | 89422309254
871 | DOSAAF | 4 | 89829866121
872 | Luxury | 1 | 89551174438
873 | Spectr | 3 | 89063622453
874 | DOSAAF | 2 | 89424965797
875 | Green_light | 1 | 89971273833
876 | Priority | 2 | 89588575978
877 | Young | 1 | 89430254235
878 | Luxury | 3 | 89106078782
879 | East | 5 | 89479523674
880 | DOSAAF | 3 | 89351516150
881 | Start | 2 | 89174524297
882 | Autoprava.pro | 4 | 89499945031
883 | Green_light | 3 | 89476590144
884 | Priority | 3 | 89648519248
885 | Priority | 5 | 89641548495
886 | Young | 5 | 89661779467
887 | Priority | 2 | 89776947389
888 | Priority | 5 | 89966045148
889 | Autoprava.pro | 1 | 89532191248
890 | Young | 3 | 89378574492
891 | Unit | 1 | 89715337759
892 | DOSAAF | 4 | 89889283862
893 | Unit | 1 | 89442514426
894 | Autoprava.pro | 1 | 89525496481
895 | Neva | 4 | 89856940747
896 | Unit | 3 | 89030168112
897 | Mask | 4 | 89283870692
898 | Priority | 2 | 89938900677
899 | Priority | 4 | 89428971228
900 | Young | 2 | 89716181445
901 | Start | 3 | 89247474818
902 | Mask | 5 | 89498188000
903 | R-auto | 4 | 89752266775
904 | DOSAAF | 4 | 89899788143
905 | Priority | 4 | 89534198862
906 | Mask | 1 | 89203698967
907 | Autoprava.pro | 2 | 89182250758
908 | Unit | 5 | 89303443121
909 | Young | 3 | 89894280760
910 | East | 5 | 89569675926
911 | Green_light | 1 | 89024612245
912 | Neva | 5 | 89699223520
913 | Mask | 3 | 89037410295
914 | R-auto | 2 | 89414725235
915 | East | 5 | 89572088226
916 | DOSAAF | 5 | 89245690838
917 | Young | 3 | 89530187574
918 | East | 1 | 89770487519
919 | Autoprava.pro | 4 | 89226396349
920 | Green_light | 1 | 89050103157
921 | Mask | 1 | 89486727034
922 | Priority | 1 | 89951008273
923 | Neva | 1 | 89661859189
924 | Green_light | 3 | 89846404285
925 | Luxury | 4 | 89183854904
926 | DOSAAF | 4 | 89567068532
927 | Autoprava.pro | 4 | 89439459361
928 | Mask | 4 | 89276849791
929 | Luxury | 5 | 89430012208
930 | Priority | 3 | 89654833775
931 | Mask | 1 | 89718260120
932 | Unit | 3 | 89649005411
933 | Spectr | 5 | 89439374738
934 | Mask | 1 | 89534024117
935 | Autoprava.pro | 2 | 89601226561
936 | DOSAAF | 5 | 89580991934
937 | DOSAAF | 4 | 89630944722
938 | DOSAAF | 2 | 89322863551
939 | Mask | 1 | 89005068913
940 | Neva | 1 | 89177109396
941 | Autoprava.pro | 2 | 89228890888
942 | Neva | 4 | 89353629994
943 | Young | 2 | 89802476390
944 | Autoprava.pro | 1 | 89855216433
945 | R-auto | 4 | 89033042713
946 | Mask | 1 | 89690825484
947 | Start | 3 | 89327710488
948 | Unit | 3 | 89310021313
949 | Autoprava.pro | 3 | 89401653037
950 | R-auto | 2 | 89827100869
951 | Mask | 1 | 89978473528
952 | Mask | 4 | 89540078290
953 | Priority | 2 | 89187730140
954 | Green_light | 3 | 89750977190
955 | Mask | 3 | 89777056239
956 | Autoprava.pro | 5 | 89217679355
957 | Young | 4 | 89943317304
958 | DOSAAF | 1 | 89309543951
959 | East | 1 | 89107353185
960 | Unit | 4 | 89622502068
961 | Luxury | 5 | 89017631414
962 | Green_light | 3 | 89739182850
963 | Luxury | 2 | 89038460974
964 | DOSAAF | 4 | 89520925541
965 | Young | 4 | 89708342850
966 | Start | 2 | 89720559019
967 | DOSAAF | 5 | 89384829732
968 | Green_light | 2 | 89516307183
969 | Neva | 2 | 89176791367
970 | Priority | 1 | 89345270561
971 | R-auto | 1 | 89097942070
972 | Autoprava.pro | 1 | 89162691762
973 | East | 2 | 89945478246
974 | Young | 3 | 89347246347
975 | DOSAAF | 1 | 89483313335
976 | East | 3 | 89418049971
977 | R-auto | 5 | 89939368725
978 | R-auto | 4 | 89422001078
979 | R-auto | 5 | 89346397545
980 | Spectr | 1 | 89438137363
981 | Spectr | 1 | 89694700905
982 | Green_light | 2 | 89165155971
983 | Spectr | 1 | 89231474190
984 | Mask | 2 | 89895931310
985 | Unit | 5 | 89271297826
986 | Neva | 2 | 89578138298
987 | Autoprava.pro | 3 | 89861840971
988 | Priority | 3 | 89611079860
989 | Luxury | 4 | 89195359276
990 | Mask | 1 | 89639086384
991 | Priority | 5 | 89888919491
992 | Spectr | 5 | 89746404784
993 | Start | 3 | 89616388290
994 | Spectr | 5 | 89634371601
995 | Autoprava.pro | 3 | 89907884252
996 | DOSAAF | 5 | 89305853155
997 | Neva | 3 | 89073513217
998 | East | 2 | 89090282420
999 | Green_light | 3 | 89448269382
